0 0
1 5
2 1
3 0
4 2
5 5
6 3
7 0
8 1
9 9
10 5
11 2
12 6
13 5
14 1
15 6
16 9
17 5
18 1
19 3
20 8
21 3
22 9
23 7
24 2
25 5
26 3
27 2
28 5
29 6
30 1
31 2
32 6
33 7
34 5
35 3
36 3
37 8
38 3
39 5
40 1
41 5
42 5
43 2
44 2
45 5
46 9
47 3
48 5
49 2
50 8
51 7
52 2
53 5
54 9
55 5
56 5
57 3
58 3
59 3
60 3
61 5
62 2
63 5
64 2
65 8
66 2
67 5
68 5
69 6
70 3
71 2
72 7
73 1
74 2
75 2
76 1
77 2
78 9
79 5
80 5
81 8
82 2
83 3
84 7
85 8
86 5
87 2
88 0
89 5
90 6
91 6
92 5
93 5
94 2
95 5
96 3
97 9
98 5
99 1
100 3
101 8
102 2
103 3
104 5
105 7
106 8
107 5
108 3
109 2
110 5
111 0
112 9
113 8
114 8
115 2
116 8
117 3
118 5
119 9
120 5
121 5
122 5
123 1
124 2
125 3
126 8
127 5
128 8
129 2
130 9
131 2
132 8
133 5
134 3
135 2
136 8
137 1
138 7
139 7
140 5
141 3
142 3
143 2
144 3
145 5
146 2
147 2
148 5
149 5
150 2
151 8
152 2
153 3
154 2
155 2
156 3
157 5
158 3
159 3
160 5
161 0
162 2
163 2
164 5
165 5
166 9
167 5
168 1
169 5
170 7
171 6
172 2
173 5
174 2
175 0
176 5
177 3
178 5
179 3
180 2
181 3
182 7
183 7
184 2
185 2
186 8
187 5
188 5
189 5
190 7
191 7
192 9
193 8
194 6
195 7
196 6
197 2
198 9
199 5
200 3
201 2
202 9
203 9
204 1
205 8
206 5
207 8
208 7
209 4
210 3
211 6
212 1
213 8
214 2
215 2
216 2
217 9
218 3
219 1
220 5
221 3
222 1
223 5
224 3
225 3
226 5
227 3
228 3
229 6
230 9
231 3
232 5
233 8
234 5
235 3
236 9
237 5
238 9
239 3
240 3
241 1
242 5
243 2
244 5
245 9
246 8
247 3
248 6
249 3
250 9
251 5
252 5
253 9
254 5
255 2
256 5
257 5
258 2
259 2
260 5
261 8
262 3
263 2
264 5
265 3
266 3
267 5
268 8
269 8
270 5
271 9
272 5
273 5
274 2
275 3
276 5
277 3
278 7
279 2
280 9
281 7
282 1
283 5
284 2
285 1
286 3
287 7
288 0
289 2
290 2
291 3
292 6
293 1
294 2
295 3
296 7
297 5
298 3
299 3
300 2
301 6
302 5
303 0
304 8
305 8
306 5
307 3
308 2
309 2
310 1
311 3
312 7
313 1
314 8
315 7
316 1
317 8
318 9
319 7
320 0
321 8
322 2
323 2
324 2
325 5
326 5
327 8
328 3
329 3
330 5
331 5
332 1
333 5
334 2
335 5
336 5
337 9
338 2
339 1
340 3
341 2
342 5
343 7
344 2
345 6
346 2
347 5
348 1
349 5
350 5
351 3
352 3
353 5
354 3
355 2
356 9
357 8
358 3
359 0
360 7
361 9
362 2
363 5
364 3
365 2
366 2
367 8
368 2
369 2
370 1
371 8
372 2
373 3
374 2
375 3
376 2
377 2
378 5
379 2
380 3
381 5
382 2
383 5
384 8
385 2
386 1
387 2
388 2
389 3
390 2
391 3
392 2
393 5
394 7
395 8
396 5
397 2
398 5
399 3
400 1
401 3
402 5
403 8
404 2
405 5
406 5
407 0
408 2
409 2
410 4
411 0
412 3
413 5
414 2
415 5
416 8
417 0
418 8
419 3
420 6
421 8
422 5
423 8
424 5
425 5
426 8
427 7
428 2
429 5
430 2
431 4
432 5
433 8
434 5
435 7
436 7
437 8
438 8
439 2
440 5
441 9
442 3
443 1
444 4
445 0
446 2
447 5
448 2
449 2
450 8
451 5
452 2
453 5
454 5
455 8
456 7
457 8
458 2
459 2
460 8
461 1
462 5
463 9
464 1
465 5
466 5
467 8
468 8
469 0
470 5
471 3
472 8
473 1
474 5
475 5
476 1
477 8
478 2
479 9
480 3
481 2
482 0
483 5
484 8
485 2
486 8
487 9
488 8
489 3
490 5
491 3
492 5
493 5
494 5
495 5
496 1
497 5
498 1
499 5
500 3
501 2
502 2
503 2
504 5
505 3
506 5
507 9
508 3
509 2
510 3
511 5
512 5
513 5
514 5
515 5
516 2
517 5
518 3
519 7
520 3
521 2
522 3
523 5
524 3
525 3
526 2
527 3
528 7
529 5
530 8
531 2
532 7
533 5
534 8
535 2
536 6
537 5
538 6
539 5
540 0
541 0
542 3
543 8
544 2
545 3
546 3
547 2
548 7
549 5
550 3
551 8
552 2
553 8
554 2
555 5
556 8
557 8
558 5
559 7
560 0
561 5
562 0
563 5
564 2
565 3
566 7
567 2
568 2
569 5
570 5
571 5
572 0
573 2
574 8
575 2
576 3
577 7
578 2
579 6
580 5
581 8
582 5
583 5
584 9
585 3
586 5
587 0
588 5
589 8
590 9
591 2
592 3
593 5
594 2
595 5
596 9
597 2
598 3
599 3
600 4
601 0
602 3
603 3
604 2
605 5
606 9
607 2
608 1
609 9
610 5
611 5
612 5
613 3
614 2
615 8
616 5
617 7
618 8
619 8
620 2
621 8
622 0
623 6
624 9
625 7
626 5
627 1
628 3
629 9
630 5
631 3
632 3
633 0
634 5
635 1
636 2
637 3
638 6
639 9
640 6
641 8
642 5
643 6
644 3
645 5
646 1
647 2
648 5
649 0
650 9
651 3
652 3
653 3
654 3
655 8
656 6
657 3
658 1
659 5
660 3
661 9
662 3
663 8
664 2
665 3
666 2
667 8
668 2
669 5
670 5
671 1
672 0
673 8
674 2
675 5
676 2
677 8
678 0
679 3
680 6
681 9
682 1
683 3
684 7
685 5
686 5
687 0
688 3
689 0
690 6
691 2
692 3
693 2
694 2
695 0
696 5
697 3
698 3
699 7
700 2
701 8
702 2
703 1
704 6
705 7
706 3
707 2
708 5
709 7
710 5
711 9
712 3
713 3
714 8
715 9
716 2
717 5
718 5
719 2
720 8
721 3
722 5
723 5
724 9
725 7
726 5
727 2
728 6
729 2
730 6
731 0
732 5
733 5
734 3
735 2
736 2
737 5
738 1
739 2
740 2
741 2
742 5
743 7
744 5
745 8
746 3
747 6
748 3
749 9
750 6
751 8
752 3
753 5
754 2
755 2
756 5
757 5
758 2
759 5
760 5
761 1
762 5
763 5
764 9
765 5
766 2
767 3
768 8
769 5
770 0
771 3
772 2
773 5
774 2
775 2
776 2
777 2
778 5
779 5
780 8
781 7
782 7
783 5
784 5
785 2
786 3
787 9
788 3
789 5
790 6
791 3
792 7
793 5
794 3
795 2
796 2
797 8
798 3
799 5
800 5
801 3
802 1
803 2
804 5
805 9
806 2
807 9
808 9
809 1
810 8
811 2
812 7
813 5
814 5
815 0
816 3
817 2
818 5
819 3
820 5
821 0
822 1
823 6
824 5
825 7
826 8
827 3
828 3
829 1
830 1
831 5
832 5
833 2
834 5
835 0
836 9
837 5
838 3
839 8
840 0
841 3
842 5
843 7
844 2
845 8
846 8
847 8
848 7
849 5
850 2
851 1
852 7
853 5
854 3
855 5
856 3
857 5
858 2
859 5
860 5
861 0
862 0
863 5
864 6
865 5
866 5
867 1
868 2
869 5
870 3
871 4
872 8
873 8
874 5
875 2
876 3
877 7
878 9
879 5
880 1
881 7
882 9
883 2
884 0
885 8
886 7
887 5
888 9
889 5
890 7
891 7
892 2
893 9
894 5
895 4
896 3
897 8
898 6
899 5
900 5
901 0
902 6
903 5
904 0
905 6
906 1
907 5
908 5
909 6
910 5
911 5
912 8
913 2
914 1
915 2
916 5
917 2
918 3
919 5
920 3
921 5
922 2
923 3
924 7
925 2
926 4
927 5
928 1
929 3
930 2
931 5
932 0
933 8
934 6
935 9
936 2
937 7
938 7
939 5
940 2
941 5
942 1
943 3
944 5
945 6
946 7
947 0
948 7
949 7
950 6
951 2
952 9
953 5
954 2
955 9
956 5
957 3
958 2
959 6
960 9
961 5
962 1
963 0
964 9
965 6
966 5
967 2
968 0
969 7
970 5
971 2
972 2
973 5
974 5
975 1
976 2
977 3
978 5
979 9
980 8
981 1
982 3
983 5
984 3
985 5
986 1
987 1
988 6
989 2
990 1
991 5
992 2
993 5
994 6
995 6
996 2
997 5
998 5
999 5
1000 3
1001 3
1002 3
1003 2
1004 8
1005 3
1006 9
1007 8
1008 3
1009 5
1010 0
1011 9
1012 0
1013 2
1014 0
1015 1
1016 3
1017 5
1018 2
1019 9
1020 5
1021 7
1022 8
1023 2
1024 5
1025 3
1026 5
1027 6
1028 5
1029 2
1030 1
1031 8
1032 3
1033 7
1034 1
1035 7
1036 5
1037 1
1038 6
1039 2
1040 3
1041 5
1042 8
1043 2
1044 1
1045 9
1046 5
1047 3
1048 3
1049 5
1050 3
1051 5
1052 6
1053 5
1054 5
1055 3
1056 2
1057 5
1058 9
1059 8
1060 5
1061 3
1062 8
1063 2
1064 5
1065 5
1066 5
1067 5
1068 3
1069 5
1070 2
1071 3
1072 3
1073 3
1074 5
1075 2
1076 6
1077 2
1078 2
1079 5
1080 6
1081 1
1082 0
1083 3
1084 3
1085 2
1086 5
1087 2
1088 4
1089 2
1090 5
1091 9
1092 1
1093 8
1094 3
1095 3
1096 2
1097 3
1098 5
1099 8
1100 5
1101 5
1102 5
1103 3
1104 8
1105 5
1106 3
1107 8
1108 6
1109 0
1110 9
1111 5
1112 1
1113 7
1114 8
1115 5
1116 2
1117 7
1118 6
1119 1
1120 5
1121 5
1122 3
1123 8
1124 1
1125 5
1126 5
1127 2
1128 5
1129 2
1130 5
1131 5
1132 2
1133 3
1134 5
1135 2
1136 3
1137 8
1138 5
1139 1
1140 2
1141 5
1142 5
1143 5
1144 9
1145 2
1146 1
1147 2
1148 2
1149 8
1150 3
1151 6
1152 5
1153 8
1154 2
1155 8
1156 3
1157 1
1158 2
1159 6
1160 5
1161 6
1162 8
1163 8
1164 1
1165 7
1166 3
1167 5
1168 7
1169 8
1170 7
1171 8
1172 5
1173 3
1174 7
1175 6
1176 7
1177 3
1178 2
1179 9
1180 8
1181 0
1182 2
1183 8
1184 6
1185 3
1186 9
1187 8
1188 3
1189 5
1190 5
1191 5
1192 3
1193 5
1194 0
1195 5
1196 9
1197 5
1198 8
1199 5
1200 3
1201 3
1202 7
1203 3
1204 8
1205 5
1206 2
1207 0
1208 9
1209 2
1210 5
1211 2
1212 6
1213 3
1214 1
1215 9
1216 5
1217 5
1218 8
1219 5
1220 2
1221 9
1222 3
1223 5
1224 2
1225 8
1226 0
1227 8
1228 8
1229 3
1230 2
1231 5
1232 5
1233 5
1234 6
1235 2
1236 3
1237 8
1238 1
1239 5
1240 5
1241 0
1242 5
1243 2
1244 9
1245 5
1246 1
1247 5
1248 2
1249 7
1250 2
1251 8
1252 6
1253 6
1254 5
1255 1
1256 9
1257 2
1258 5
1259 2
1260 2
1261 3
1262 0
1263 5
1264 2
1265 1
1266 2
1267 5
1268 8
1269 1
1270 3
1271 5
1272 1
1273 8
1274 3
1275 3
1276 2
1277 2
1278 9
1279 8
1280 7
1281 1
1282 5
1283 0
1284 2
1285 8
1286 5
1287 7
1288 2
1289 7
1290 2
1291 5
1292 3
1293 1
1294 3
1295 1
1296 9
1297 5
1298 2
1299 5
1300 2
1301 8
1302 3
1303 5
1304 5
1305 5
1306 0
1307 2
1308 6
1309 8
1310 2
1311 2
1312 9
1313 2
1314 8
1315 8
1316 0
1317 8
1318 9
1319 6
1320 5
1321 2
1322 9
1323 5
1324 8
1325 3
1326 5
1327 3
1328 3
1329 1
1330 5
1331 7
1332 5
1333 5
1334 1
1335 3
1336 6
1337 5
1338 3
1339 7
1340 8
1341 2
1342 7
1343 3
1344 1
1345 1
1346 3
1347 3
1348 9
1349 3
1350 2
1351 5
1352 3
1353 3
1354 1
1355 2
1356 2
1357 9
1358 1
1359 5
1360 6
1361 3
1362 5
1363 6
1364 7
1365 5
1366 3
1367 0
1368 5
1369 2
1370 3
1371 8
1372 8
1373 5
1374 3
1375 3
1376 5
1377 7
1378 0
1379 7
1380 8
1381 5
1382 0
1383 3
1384 5
1385 5
1386 3
1387 7
1388 6
1389 2
1390 7
1391 5
1392 8
1393 7
1394 2
1395 6
1396 6
1397 2
1398 4
1399 5
1400 5
1401 0
1402 7
1403 5
1404 5
1405 8
1406 8
1407 1
1408 3
1409 8
1410 8
1411 3
1412 5
1413 2
1414 1
1415 5
1416 5
1417 0
1418 5
1419 6
1420 2
1421 2
1422 3
1423 2
1424 7
1425 2
1426 2
1427 5
1428 8
1429 1
1430 9
1431 2
1432 5
1433 8
1434 2
1435 2
1436 5
1437 5
1438 9
1439 5
1440 5
1441 2
1442 6
1443 3
1444 6
1445 5
1446 7
1447 6
1448 0
1449 3
1450 1
1451 3
1452 3
1453 5
1454 5
1455 6
1456 0
1457 6
1458 5
1459 1
1460 9
1461 5
1462 8
1463 7
1464 6
1465 6
1466 3
1467 2
1468 6
1469 5
1470 5
1471 3
1472 5
1473 5
1474 3
1475 5
1476 5
1477 2
1478 5
1479 1
1480 2
1481 3
1482 2
1483 3
1484 5
1485 3
1486 8
1487 8
1488 9
1489 8
1490 0
1491 5
1492 6
1493 2
1494 9
1495 7
1496 3
1497 0
1498 5
1499 6
1500 8
1501 5
1502 5
1503 8
1504 8
1505 0
1506 2
1507 3
1508 3
1509 0
1510 5
1511 6
1512 5
1513 9
1514 8
1515 5
1516 5
1517 3
1518 2
1519 2
1520 1
1521 3
1522 3
1523 3
1524 8
1525 5
1526 5
1527 5
1528 9
1529 1
1530 5
1531 3
1532 2
1533 8
1534 7
1535 0
1536 5
1537 3
1538 3
1539 5
1540 3
1541 2
1542 3
1543 7
1544 8
1545 3
1546 9
1547 5
1548 8
1549 5
1550 2
1551 2
1552 3
1553 1
1554 9
1555 7
1556 7
1557 5
1558 5
1559 8
1560 5
1561 3
1562 7
1563 5
1564 5
1565 2
1566 8
1567 8
1568 7
1569 6
1570 8
1571 1
1572 5
1573 5
1574 0
1575 3
1576 1
1577 2
1578 5
1579 1
1580 2
1581 3
1582 2
1583 5
1584 5
1585 9
1586 0
1587 3
1588 1
1589 7
1590 2
1591 5
1592 5
1593 9
1594 6
1595 5
1596 0
1597 5
1598 5
1599 3
1600 5
1601 3
1602 5
1603 2
1604 3
1605 8
1606 0
1607 5
1608 3
1609 5
1610 5
1611 3
1612 8
1613 5
1614 5
1615 2
1616 0
1617 5
1618 2
1619 2
1620 5
1621 7
1622 0
1623 5
1624 5
1625 5
1626 8
1627 8
1628 0
1629 5
1630 3
1631 1
1632 8
1633 8
1634 5
1635 3
1636 0
1637 8
1638 0
1639 1
1640 5
1641 3
1642 5
1643 5
1644 5
1645 3
1646 8
1647 1
1648 2
1649 5
1650 2
1651 7
1652 0
1653 5
1654 5
1655 2
1656 2
1657 2
1658 5
1659 5
1660 3
1661 1
1662 1
1663 7
1664 6
1665 7
1666 3
1667 3
1668 6
1669 1
1670 9
1671 5
1672 3
1673 5
1674 7
1675 3
1676 1
1677 9
1678 3
1679 5
1680 3
1681 2
1682 8
1683 5
1684 5
1685 3
1686 2
1687 3
1688 2
1689 7
1690 6
1691 3
1692 7
1693 2
1694 5
1695 8
1696 1
1697 8
1698 9
1699 5
1700 3
1701 2
1702 5
1703 2
1704 2
1705 1
1706 5
1707 4
1708 5
1709 6
1710 1
1711 3
1712 3
1713 9
1714 2
1715 2
1716 1
1717 1
1718 2
1719 2
1720 0
1721 3
1722 2
1723 5
1724 1
1725 5
1726 9
1727 0
1728 7
1729 5
1730 9
1731 5
1732 2
1733 2
1734 9
1735 5
1736 7
1737 3
1738 0
1739 5
1740 7
1741 7
1742 6
1743 1
1744 2
1745 2
1746 7
1747 5
1748 8
1749 5
1750 1
1751 5
1752 5
1753 1
1754 9
1755 2
1756 8
1757 5
1758 1
1759 7
1760 2
1761 5
1762 5
1763 7
1764 2
1765 2
1766 5
1767 2
1768 1
1769 8
1770 8
1771 7
1772 0
1773 3
1774 5
1775 5
1776 2
1777 3
1778 2
1779 2
1780 7
1781 1
1782 3
1783 3
1784 8
1785 9
1786 5
1787 2
1788 3
1789 1
1790 7
1791 2
1792 2
1793 5
1794 1
1795 3
1796 5
1797 3
1798 5
1799 5
1800 2
1801 5
1802 3
1803 0
1804 0
1805 2
1806 3
1807 2
1808 3
1809 5
1810 9
1811 1
1812 8
1813 9
1814 2
1815 3
1816 7
1817 9
1818 2
1819 6
1820 5
1821 6
1822 0
1823 5
1824 5
1825 5
1826 0
1827 9
1828 8
1829 3
1830 3
1831 2
1832 5
1833 3
1834 1
1835 8
1836 3
1837 8
1838 9
1839 0
1840 9
1841 8
1842 5
1843 3
1844 9
1845 1
1846 5
1847 5
1848 3
1849 5
1850 2
1851 5
1852 5
1853 9
1854 8
1855 0
1856 0
1857 5
1858 1
1859 7
1860 9
1861 1
1862 5
1863 8
1864 3
1865 7
1866 9
1867 3
1868 5
1869 8
1870 5
1871 0
1872 2
1873 5
1874 8
1875 5
1876 5
1877 2
1878 9
1879 5
1880 3
1881 7
1882 1
1883 5
1884 5
1885 9
1886 1
1887 5
1888 0
1889 3
1890 3
1891 9
1892 5
1893 3
1894 2
1895 8
1896 2
1897 3
1898 8
1899 5
1900 5
1901 2
1902 7
1903 6
1904 1
1905 8
1906 6
1907 8
1908 2
1909 3
1910 1
1911 8
1912 3
1913 2
1914 2
1915 5
1916 5
1917 5
1918 2
1919 9
1920 2
1921 5
1922 2
1923 6
1924 3
1925 3
1926 3
1927 3
1928 5
1929 5
1930 1
1931 5
1932 5
1933 8
1934 2
1935 8
1936 4
1937 3
1938 5
1939 5
1940 3
1941 8
1942 2
1943 3
1944 1
1945 5
1946 5
1947 5
1948 5
1949 5
1950 0
1951 1
1952 8
1953 8
1954 2
1955 0
1956 3
1957 5
1958 7
1959 7
1960 3
1961 2
1962 2
1963 2
1964 3
1965 9
1966 8
1967 5
1968 5
1969 8
1970 5
1971 9
1972 5
1973 5
1974 2
1975 1
1976 1
1977 9
1978 7
1979 8
1980 5
1981 2
1982 5
1983 5
1984 0
1985 1
1986 5
1987 8
1988 2
1989 3
1990 2
1991 5
1992 9
1993 2
1994 5
1995 2
1996 5
1997 7
1998 5
1999 5
2000 5
2001 1
2002 5
2003 9
2004 8
2005 1
2006 8
2007 3
2008 0
2009 2
2010 2
2011 2
2012 5
2013 2
2014 8
2015 2
2016 5
2017 8
2018 5
2019 7
2020 6
2021 5
2022 3
2023 7
2024 1
2025 2
2026 0
2027 3
2028 8
2029 2
2030 1
2031 0
2032 3
2033 3
2034 6
2035 5
2036 1
2037 2
2038 5
2039 6
2040 2
2041 5
2042 5
2043 8
2044 3
2045 0
2046 3
2047 4
2048 5
2049 5
2050 8
2051 8
2052 5
2053 6
2054 3
2055 9
2056 2
2057 5
2058 7
2059 5
2060 3
2061 2
2062 0
2063 5
2064 5
2065 9
2066 5
2067 9
2068 5
2069 5
2070 3
2071 3
2072 5
2073 3
2074 5
2075 1
2076 7
2077 0
2078 5
2079 1
2080 8
2081 9
2082 2
2083 5
2084 8
2085 4
2086 3
2087 7
2088 3
2089 3
2090 2
2091 9
2092 0
2093 0
2094 5
2095 3
2096 8
2097 5
2098 5
2099 3
2100 5
2101 8
2102 3
2103 8
2104 8
2105 5
2106 5
2107 9
2108 3
2109 5
2110 2
2111 5
2112 1
2113 7
2114 2
2115 3
2116 5
2117 3
2118 1
2119 9
2120 5
2121 5
2122 8
2123 2
2124 7
2125 9
2126 9
2127 6
2128 3
2129 0
2130 9
2131 9
2132 7
2133 5
2134 8
2135 8
2136 1
2137 5
2138 2
2139 7
2140 8
2141 2
2142 7
2143 0
2144 8
2145 9
2146 5
2147 3
2148 8
2149 3
2150 5
2151 2
2152 3
2153 0
2154 8
2155 5
2156 3
2157 9
2158 7
2159 1
2160 5
2161 3
2162 8
2163 2
2164 9
2165 3
2166 5
2167 7
2168 5
2169 2
2170 1
2171 8
2172 2
2173 5
2174 8
2175 3
2176 3
2177 7
2178 0
2179 3
2180 5
2181 3
2182 5
2183 3
2184 5
2185 8
2186 5
2187 5
2188 5
2189 3
2190 9
2191 6
2192 2
2193 5
2194 1
2195 5
2196 6
2197 2
2198 3
2199 5
2200 5
2201 1
2202 8
2203 8
2204 9
2205 5
2206 3
2207 4
2208 1
2209 2
2210 6
2211 5
2212 1
2213 3
2214 6
2215 6
2216 9
2217 2
2218 2
2219 7
2220 9
2221 2
2222 9
2223 2
2224 7
2225 2
2226 5
2227 6
2228 8
2229 9
2230 7
2231 0
2232 1
2233 5
2234 7
2235 1
2236 3
2237 6
2238 2
2239 7
2240 5
2241 3
2242 2
2243 5
2244 2
2245 2
2246 5
2247 8
2248 0
2249 2
2250 2
2251 3
2252 3
2253 1
2254 2
2255 3
2256 2
2257 6
2258 5
2259 3
2260 0
2261 9
2262 2
2263 2
2264 9
2265 0
2266 5
2267 5
2268 2
2269 9
2270 5
2271 2
2272 0
2273 2
2274 3
2275 5
2276 5
2277 3
2278 6
2279 5
2280 2
2281 5
2282 5
2283 7
2284 0
2285 5
2286 3
2287 0
2288 9
2289 5
2290 7
2291 2
2292 1
2293 2
2294 3
2295 7
2296 3
2297 5
2298 2
2299 3
2300 2
2301 5
2302 5
2303 1
2304 5
2305 3
2306 5
2307 3
2308 9
2309 3
2310 5
2311 2
2312 6
2313 2
2314 5
2315 0
2316 2
2317 5
2318 3
2319 2
2320 5
2321 5
2322 5
2323 2
2324 3
2325 7
2326 3
2327 5
2328 5
2329 8
2330 3
2331 8
2332 2
2333 2
2334 3
2335 7
2336 5
2337 3
2338 5
2339 5
2340 2
2341 8
2342 8
2343 2
2344 5
2345 3
2346 7
2347 8
2348 8
2349 6
2350 5
2351 1
2352 8
2353 3
2354 7
2355 9
2356 5
2357 5
2358 9
2359 1
2360 5
2361 8
2362 8
2363 5
2364 5
2365 2
2366 5
2367 5
2368 1
2369 0
2370 7
2371 5
2372 2
2373 3
2374 5
2375 5
2376 6
2377 3
2378 2
2379 2
2380 5
2381 8
2382 5
2383 8
2384 1
2385 5
2386 2
2387 9
2388 2
2389 5
2390 5
2391 7
2392 0
2393 3
2394 9
2395 5
2396 6
2397 5
2398 8
2399 2
2400 2
2401 7
2402 5
2403 7
2404 2
2405 5
2406 7
2407 7
2408 3
2409 5
2410 2
2411 8
2412 1
2413 5
2414 0
2415 5
2416 5
2417 3
2418 9
2419 7
2420 2
2421 8
2422 3
2423 2
2424 1
2425 6
2426 3
2427 5
2428 5
2429 2
2430 5
2431 3
2432 3
2433 9
2434 7
2435 9
2436 8
2437 3
2438 2
2439 2
2440 6
2441 5
2442 0
2443 2
2444 5
2445 5
2446 2
2447 2
2448 7
2449 4
2450 2
2451 2
2452 8
2453 5
2454 5
2455 5
2456 7
2457 3
2458 3
2459 6
2460 5
2461 5
2462 5
2463 5
2464 1
2465 5
2466 7
2467 3
2468 5
2469 8
2470 3
2471 8
2472 7
2473 5
2474 3
2475 5
2476 2
2477 3
2478 2
2479 2
2480 2
2481 2
2482 3
2483 7
2484 0
2485 5
2486 2
2487 5
2488 2
2489 8
2490 5
2491 2
2492 1
2493 8
2494 5
2495 8
2496 5
2497 5
2498 2
2499 3
2500 7
2501 5
2502 8
2503 3
2504 8
2505 6
2506 8
2507 5
2508 2
2509 5
2510 3
2511 8
2512 6
2513 0
2514 6
2515 3
2516 7
2517 7
2518 8
2519 2
2520 2
2521 2
2522 3
2523 2
2524 3
2525 7
2526 5
2527 5
2528 8
2529 2
2530 5
2531 1
2532 3
2533 2
2534 5
2535 9
2536 9
2537 3
2538 9
2539 5
2540 5
2541 9
2542 0
2543 2
2544 5
2545 9
2546 5
2547 6
2548 3
2549 5
2550 5
2551 7
2552 5
2553 2
2554 5
2555 1
2556 3
2557 5
2558 5
2559 0
2560 0
2561 8
2562 3
2563 0
2564 6
2565 2
2566 1
2567 1
2568 7
2569 8
2570 1
2571 3
2572 2
2573 8
2574 9
2575 5
2576 6
2577 8
2578 2
2579 3
2580 5
2581 1
2582 2
2583 2
2584 5
2585 5
2586 5
2587 5
2588 2
2589 2
2590 8
2591 0
2592 5
2593 2
2594 5
2595 0
2596 2
2597 4
2598 5
2599 3
2600 9
2601 2
2602 1
2603 7
2604 3
2605 2
2606 3
2607 3
2608 5
2609 3
2610 7
2611 3
2612 9
2613 2
2614 3
2615 8
2616 8
2617 6
2618 0
2619 4
2620 0
2621 8
2622 6
2623 9
2624 2
2625 7
2626 6
2627 5
2628 5
2629 3
2630 5
2631 6
2632 0
2633 1
2634 3
2635 5
2636 5
2637 1
2638 2
2639 5
2640 1
2641 3
2642 5
2643 1
2644 8
2645 0
2646 5
2647 5
2648 5
2649 3
2650 7
2651 5
2652 1
2653 6
2654 5
2655 2
2656 2
2657 2
2658 7
2659 8
2660 2
2661 3
2662 6
2663 5
2664 8
2665 1
2666 8
2667 2
2668 2
2669 5
2670 2
2671 1
2672 3
2673 8
2674 2
2675 5
2676 2
2677 2
2678 3
2679 3
2680 2
2681 8
2682 5
2683 5
2684 5
2685 5
2686 1
2687 8
2688 3
2689 3
2690 6
2691 2
2692 2
2693 7
2694 5
2695 8
2696 9
2697 2
2698 7
2699 5
2700 5
2701 6
2702 5
2703 5
2704 0
2705 3
2706 5
2707 9
2708 5
2709 3
2710 1
2711 7
2712 2
2713 3
2714 5
2715 3
2716 5
2717 6
2718 5
2719 3
2720 1
2721 5
2722 9
2723 8
2724 8
2725 5
2726 2
2727 8
2728 2
2729 5
2730 3
2731 2
2732 5
2733 2
2734 5
2735 3
2736 3
2737 7
2738 2
2739 2
2740 2
2741 5
2742 1
2743 5
2744 5
2745 9
2746 2
2747 0
2748 5
2749 5
2750 6
2751 9
2752 5
2753 2
2754 3
2755 5
2756 2
2757 8
2758 2
2759 8
2760 3
2761 2
2762 9
2763 9
2764 3
2765 9
2766 8
2767 3
2768 5
2769 8
2770 2
2771 3
2772 8
2773 7
2774 2
2775 8
2776 3
2777 7
2778 2
2779 3
2780 1
2781 6
2782 5
2783 0
2784 3
2785 5
2786 7
2787 5
2788 9
2789 2
2790 6
2791 3
2792 3
2793 3
2794 6
2795 2
2796 3
2797 5
2798 3
2799 5
2800 0
2801 5
2802 5
2803 8
2804 5
2805 5
2806 5
2807 1
2808 8
2809 2
2810 1
2811 2
2812 3
2813 2
2814 2
2815 2
2816 5
2817 5
2818 0
2819 0
2820 3
2821 3
2822 8
2823 6
2824 7
2825 7
2826 3
2827 5
2828 5
2829 0
2830 3
2831 8
2832 8
2833 5
2834 2
2835 5
2836 9
2837 1
2838 5
2839 5
2840 2
2841 3
2842 5
2843 3
2844 5
2845 5
2846 5
2847 2
2848 5
2849 3
2850 3
2851 5
2852 9
2853 2
2854 5
2855 8
2856 9
2857 5
2858 5
2859 2
2860 5
2861 2
2862 5
2863 2
2864 6
2865 9
2866 3
2867 7
2868 6
2869 2
2870 9
2871 5
2872 3
2873 8
2874 3
2875 2
2876 3
2877 7
2878 9
2879 5
2880 5
2881 5
2882 5
2883 5
2884 5
2885 6
2886 8
2887 6
2888 0
2889 6
2890 2
2891 5
2892 9
2893 2
2894 2
2895 9
2896 3
2897 2
2898 8
2899 3
2900 3
2901 1
2902 6
2903 5
2904 3
2905 8
2906 8
2907 5
2908 5
2909 9
2910 7
2911 2
2912 5
2913 9
2914 5
2915 2
2916 5
2917 8
2918 3
2919 3
2920 2
2921 5
2922 8
2923 8
2924 2
2925 9
2926 3
2927 5
2928 2
2929 9
2930 8
2931 5
2932 5
2933 5
2934 2
2935 3
2936 8
2937 3
2938 6
2939 5
2940 9
2941 8
2942 2
2943 8
2944 2
2945 9
2946 1
2947 5
2948 3
2949 5
2950 8
2951 9
2952 8
2953 9
2954 5
2955 5
2956 3
2957 1
2958 5
2959 7
2960 5
2961 3
2962 5
2963 5
2964 2
2965 3
2966 3
2967 2
2968 5
2969 3
2970 6
2971 5
2972 2
2973 5
2974 5
2975 2
2976 6
2977 0
2978 5
2979 5
2980 8
2981 3
2982 5
2983 5
2984 7
2985 2
2986 6
2987 5
2988 7
2989 5
2990 5
2991 3
2992 9
2993 8
2994 5
2995 5
2996 2
2997 8
2998 5
2999 8
3000 5
3001 2
3002 1
3003 7
3004 2
3005 7
3006 0
3007 1
3008 5
3009 5
3010 3
3011 5
3012 0
3013 5
3014 1
3015 2
3016 2
3017 6
3018 7
3019 3
3020 2
3021 0
3022 5
3023 3
3024 6
3025 2
3026 5
3027 2
3028 5
3029 8
3030 2
3031 5
3032 5
3033 2
3034 5
3035 5
3036 2
3037 3
3038 7
3039 9
3040 5
3041 5
3042 2
3043 6
3044 2
3045 5
3046 3
3047 3
3048 3
3049 5
3050 8
3051 8
3052 5
3053 3
3054 5
3055 5
3056 5
3057 5
3058 1
3059 5
3060 1
3061 5
3062 3
3063 2
3064 2
3065 7
3066 3
3067 6
3068 7
3069 0
3070 8
3071 5
3072 5
3073 6
3074 9
3075 6
3076 9
3077 1
3078 5
3079 2
3080 5
3081 5
3082 5
3083 6
3084 3
3085 3
3086 6
3087 5
3088 1
3089 7
3090 8
3091 0
3092 8
3093 5
3094 3
3095 0
3096 5
3097 3
3098 5
3099 8
3100 6
3101 3
3102 2
3103 5
3104 3
3105 5
3106 2
3107 8
3108 5
3109 3
3110 7
3111 3
3112 9
3113 3
3114 3
3115 2
3116 7
3117 8
3118 2
3119 5
3120 2
3121 6
3122 2
3123 5
3124 3
3125 6
3126 9
3127 5
3128 2
3129 3
3130 1
3131 6
3132 8
3133 1
3134 1
3135 0
3136 5
3137 7
3138 8
3139 7
3140 3
3141 2
3142 5
3143 8
3144 2
3145 4
3146 8
3147 2
3148 3
3149 6
3150 5
3151 5
3152 5
3153 2
3154 6
3155 5
3156 8
3157 8
3158 7
3159 5
3160 5
3161 5
3162 2
3163 2
3164 5
3165 3
3166 8
3167 2
3168 2
3169 5
3170 5
3171 2
3172 5
3173 7
3174 8
3175 7
3176 1
3177 8
3178 2
3179 5
3180 3
3181 6
3182 3
3183 2
3184 8
3185 2
3186 7
3187 2
3188 8
3189 5
3190 5
3191 5
3192 5
3193 5
3194 5
3195 5
3196 8
3197 5
3198 7
3199 3
3200 9
3201 1
3202 8
3203 3
3204 8
3205 0
3206 6
3207 2
3208 8
3209 0
3210 3
3211 8
3212 5
3213 5
3214 7
3215 6
3216 2
3217 5
3218 2
3219 3
3220 5
3221 6
3222 6
3223 2
3224 5
3225 5
3226 5
3227 3
3228 5
3229 5
3230 1
3231 3
3232 2
3233 2
3234 3
3235 8
3236 3
3237 3
3238 3
3239 7
3240 2
3241 9
3242 5
3243 6
3244 3
3245 2
3246 5
3247 5
3248 9
3249 1
3250 5
3251 3
3252 5
3253 3
3254 0
3255 5
3256 6
3257 5
3258 0
3259 9
3260 1
3261 5
3262 7
3263 8
3264 5
3265 6
3266 3
3267 3
3268 2
3269 3
3270 5
3271 2
3272 2
3273 2
3274 5
3275 3
3276 3
3277 6
3278 5
3279 9
3280 8
3281 7
3282 5
3283 5
3284 1
3285 3
3286 0
3287 5
3288 7
3289 5
3290 5
3291 5
3292 3
3293 7
3294 2
3295 7
3296 8
3297 2
3298 3
3299 0
3300 8
3301 3
3302 5
3303 3
3304 5
3305 5
3306 6
3307 5
3308 5
3309 3
3310 5
3311 9
3312 1
3313 3
3314 5
3315 3
3316 3
3317 8
3318 8
3319 8
3320 2
3321 5
3322 7
3323 2
3324 3
3325 8
3326 5
3327 8
3328 6
3329 7
3330 3
3331 3
3332 0
3333 3
3334 5
3335 5
3336 6
3337 5
3338 0
3339 8
3340 3
3341 5
3342 5
3343 5
3344 5
3345 5
3346 3
3347 7
3348 9
3349 8
3350 7
3351 0
3352 7
3353 5
3354 2
3355 5
3356 3
3357 3
3358 2
3359 3
3360 2
3361 5
3362 5
3363 5
3364 5
3365 8
3366 3
3367 2
3368 1
3369 5
3370 1
3371 5
3372 9
3373 2
3374 3
3375 9
3376 0
3377 5
3378 5
3379 5
3380 5
3381 5
3382 9
3383 8
3384 0
3385 2
3386 1
3387 5
3388 5
3389 3
3390 2
3391 3
3392 5
3393 5
3394 5
3395 3
3396 8
3397 6
3398 2
3399 7
3400 1
3401 2
3402 2
3403 9
3404 2
3405 8
3406 3
3407 5
3408 0
3409 2
3410 2
3411 8
3412 8
3413 7
3414 5
3415 1
3416 5
3417 5
3418 5
3419 5
3420 5
3421 6
3422 5
3423 5
3424 3
3425 6
3426 0
3427 0
3428 5
3429 7
3430 5
3431 2
3432 0
3433 7
3434 5
3435 3
3436 1
3437 2
3438 5
3439 0
3440 6
3441 5
3442 3
3443 0
3444 1
3445 7
3446 1
3447 3
3448 6
3449 0
3450 2
3451 0
3452 3
3453 6
3454 9
3455 5
3456 0
3457 5
3458 9
3459 8
3460 3
3461 5
3462 6
3463 1
3464 4
3465 5
3466 9
3467 5
3468 5
3469 3
3470 0
3471 6
3472 5
3473 2
3474 8
3475 5
3476 3
3477 2
3478 5
3479 5
3480 2
3481 6
3482 6
3483 8
3484 3
3485 6
3486 5
3487 4
3488 5
3489 5
3490 0
3491 3
3492 5
3493 5
3494 3
3495 2
3496 5
3497 5
3498 8
3499 5
3500 5
3501 9
3502 2
3503 3
3504 5
3505 8
3506 5
3507 5
3508 6
3509 2
3510 1
3511 3
3512 5
3513 5
3514 1
3515 2
3516 7
3517 2
3518 6
3519 5
3520 3
3521 3
3522 7
3523 3
3524 2
3525 4
3526 2
3527 8
3528 2
3529 1
3530 2
3531 2
3532 5
3533 5
3534 5
3535 9
3536 2
3537 5
3538 2
3539 6
3540 2
3541 5
3542 2
3543 3
3544 7
3545 7
3546 2
3547 3
3548 5
3549 5
3550 1
3551 2
3552 0
3553 5
3554 9
3555 2
3556 3
3557 2
3558 8
3559 6
3560 5
3561 3
3562 0
3563 5
3564 5
3565 0
3566 3
3567 3
3568 3
3569 5
3570 0
3571 5
3572 5
3573 3
3574 4
3575 6
3576 2
3577 5
3578 8
3579 5
3580 7
3581 2
3582 8
3583 0
3584 5
3585 7
3586 1
3587 2
3588 5
3589 5
3590 8
3591 5
3592 5
3593 2
3594 2
3595 2
3596 3
3597 9
3598 5
3599 3
3600 5
3601 2
3602 7
3603 5
3604 3
3605 3
3606 1
3607 9
3608 0
3609 5
3610 5
3611 7
3612 8
3613 0
3614 2
3615 2
3616 2
3617 8
3618 2
3619 7
3620 7
3621 5
3622 2
3623 3
3624 2
3625 8
3626 2
3627 5
3628 5
3629 1
3630 2
3631 1
3632 5
3633 3
3634 1
3635 3
3636 5
3637 5
3638 1
3639 1
3640 0
3641 5
3642 5
3643 2
3644 2
3645 5
3646 5
3647 5
3648 2
3649 2
3650 8
3651 3
3652 5
3653 5
3654 5
3655 0
3656 5
3657 9
3658 6
3659 3
3660 3
3661 1
3662 1
3663 5
3664 3
3665 5
3666 7
3667 0
3668 5
3669 3
3670 5
3671 3
3672 5
3673 5
3674 2
3675 8
3676 8
3677 3
3678 1
3679 3
3680 5
3681 5
3682 0
3683 7
3684 6
3685 2
3686 5
3687 5
3688 3
3689 2
3690 5
3691 3
3692 5
3693 0
3694 0
3695 7
3696 5
3697 3
3698 3
3699 3
3700 7
3701 3
3702 5
3703 5
3704 0
3705 5
3706 8
3707 5
3708 5
3709 2
3710 5
3711 3
3712 3
3713 3
3714 8
3715 8
3716 5
3717 3
3718 8
3719 7
3720 7
3721 3
3722 2
3723 2
3724 9
3725 0
3726 7
3727 9
3728 2
3729 1
3730 6
3731 5
3732 2
3733 2
3734 5
3735 3
3736 2
3737 0
3738 4
3739 2
3740 5
3741 5
3742 8
3743 7
3744 5
3745 8
3746 8
3747 1
3748 2
3749 8
3750 5
3751 1
3752 5
3753 2
3754 5
3755 0
3756 8
3757 7
3758 0
3759 5
3760 5
3761 9
3762 5
3763 0
3764 5
3765 8
3766 1
3767 7
3768 8
3769 0
3770 3
3771 1
3772 6
3773 0
3774 5
3775 5
3776 5
3777 5
3778 8
3779 3
3780 3
3781 7
3782 9
3783 2
3784 1
3785 5
3786 9
3787 8
3788 8
3789 5
3790 2
3791 5
3792 5
3793 8
3794 2
3795 7
3796 8
3797 7
3798 1
3799 3
3800 5
3801 3
3802 8
3803 0
3804 2
3805 7
3806 3
3807 3
3808 2
3809 5
3810 5
3811 5
3812 3
3813 7
3814 3
3815 7
3816 3
3817 2
3818 1
3819 2
3820 0
3821 2
3822 5
3823 2
3824 1
3825 7
3826 9
3827 3
3828 2
3829 2
3830 5
3831 3
3832 3
3833 5
3834 8
3835 8
3836 3
3837 8
3838 5
3839 7
3840 2
3841 2
3842 7
3843 1
3844 5
3845 6
3846 8
3847 8
3848 6
3849 3
3850 6
3851 3
3852 5
3853 5
3854 2
3855 8
3856 6
3857 5
3858 7
3859 5
3860 8
3861 5
3862 5
3863 0
3864 7
3865 6
3866 7
3867 8
3868 5
3869 8
3870 7
3871 1
3872 3
3873 8
3874 3
3875 1
3876 8
3877 2
3878 5
3879 3
3880 2
3881 2
3882 3
3883 3
3884 3
3885 6
3886 5
3887 3
3888 6
3889 3
3890 8
3891 3
3892 5
3893 2
3894 7
3895 5
3896 2
3897 5
3898 9
3899 5
3900 2
3901 5
3902 1
3903 2
3904 2
3905 9
3906 2
3907 1
3908 5
3909 1
3910 5
3911 9
3912 0
3913 5
3914 5
3915 2
3916 2
3917 2
3918 9
3919 8
3920 5
3921 9
3922 3
3923 5
3924 2
3925 7
3926 2
3927 5
3928 9
3929 1
3930 2
3931 3
3932 5
3933 0
3934 0
3935 5
3936 5
3937 5
3938 2
3939 5
3940 3
3941 8
3942 3
3943 5
3944 0
3945 5
3946 5
3947 4
3948 8
3949 1
3950 6
3951 8
3952 8
3953 7
3954 5
3955 2
3956 6
3957 5
3958 7
3959 8
3960 5
3961 9
3962 7
3963 3
3964 1
3965 3
3966 8
3967 5
3968 8
3969 3
3970 2
3971 7
3972 5
3973 5
3974 2
3975 1
3976 5
3977 5
3978 3
3979 2
3980 7
3981 5
3982 3
3983 3
3984 3
3985 2
3986 5
3987 5
3988 5
3989 0
3990 8
3991 5
3992 2
3993 5
3994 3
3995 8
3996 3
3997 7
3998 5
3999 5
4000 2
4001 3
4002 2
4003 6
4004 2
4005 3
4006 0
4007 3
4008 6
4009 3
4010 2
4011 9
4012 3
4013 2
4014 5
4015 5
4016 5
4017 5
4018 3
4019 1
4020 2
4021 8
4022 2
4023 9
4024 5
4025 5
4026 3
4027 3
4028 3
4029 3
4030 3
4031 5
4032 6
4033 9
4034 5
4035 6
4036 3
4037 5
4038 5
4039 7
4040 0
4041 5
4042 5
4043 5
4044 3
4045 5
4046 8
4047 2
4048 5
4049 2
4050 5
4051 1
4052 5
4053 3
4054 5
4055 5
4056 7
4057 5
4058 7
4059 7
4060 3
4061 5
4062 6
4063 3
4064 3
4065 8
4066 1
4067 8
4068 5
4069 5
4070 7
4071 9
4072 2
4073 5
4074 5
4075 8
4076 2
4077 2
4078 5
4079 8
4080 8
4081 8
4082 8
4083 5
4084 2
4085 3
4086 7
4087 2
4088 3
4089 8
4090 9
4091 5
4092 2
4093 1
4094 3
4095 2
4096 2
4097 9
4098 8
4099 5
4100 1
4101 8
4102 7
4103 8
4104 5
4105 0
4106 9
4107 3
4108 3
4109 8
4110 2
4111 2
4112 5
4113 3
4114 9
4115 3
4116 1
4117 3
4118 5
4119 5
4120 3
4121 3
4122 3
4123 3
4124 1
4125 9
4126 8
4127 7
4128 2
4129 8
4130 2
4131 7
4132 5
4133 8
4134 9
4135 2
4136 6
4137 1
4138 6
4139 5
4140 5
4141 0
4142 3
4143 5
4144 5
4145 5
4146 8
4147 2
4148 2
4149 3
4150 5
4151 5
4152 1
4153 9
4154 2
4155 8
4156 8
4157 5
4158 3
4159 3
4160 3
4161 8
4162 3
4163 8
4164 9
4165 5
4166 2
4167 3
4168 6
4169 5
4170 0
4171 5
4172 1
4173 3
4174 2
4175 3
4176 1
4177 2
4178 9
4179 8
4180 1
4181 7
4182 2
4183 8
4184 8
4185 3
4186 5
4187 8
4188 5
4189 1
4190 2
4191 5
4192 9
4193 2
4194 5
4195 2
4196 2
4197 8
4198 5
4199 8
4200 2
4201 1
4202 3
4203 9
4204 0
4205 2
4206 5
4207 5
4208 5
4209 3
4210 6
4211 2
4212 2
4213 9
4214 3
4215 5
4216 3
4217 3
4218 2
4219 8
4220 1
4221 2
4222 2
4223 3
4224 5
4225 5
4226 9
4227 0
4228 5
4229 1
4230 6
4231 5
4232 5
4233 5
4234 1
4235 9
4236 2
4237 2
4238 7
4239 3
4240 8
4241 5
4242 8
4243 6
4244 3
4245 8
4246 8
4247 2
4248 3
4249 6
4250 6
4251 5
4252 8
4253 7
4254 5
4255 9
4256 1
4257 7
4258 1
4259 3
4260 3
4261 6
4262 1
4263 3
4264 8
4265 5
4266 1
4267 3
4268 3
4269 8
4270 3
4271 4
4272 1
4273 3
4274 1
4275 5
4276 5
4277 8
4278 5
4279 5
4280 2
4281 3
4282 5
4283 5
4284 2
4285 3
4286 2
4287 5
4288 2
4289 9
4290 7
4291 2
4292 8
4293 1
4294 7
4295 0
4296 1
4297 5
4298 9
4299 5
4300 3
4301 2
4302 5
4303 3
4304 4
4305 1
4306 3
4307 3
4308 1
4309 9
4310 5
4311 3
4312 3
4313 2
4314 5
4315 2
4316 3
4317 5
4318 8
4319 6
4320 5
4321 7
4322 8
4323 2
4324 5
4325 3
4326 2
4327 8
4328 6
4329 5
4330 5
4331 7
4332 3
4333 3
4334 5
4335 0
4336 5
4337 5
4338 3
4339 3
4340 2
4341 5
4342 0
4343 3
4344 5
4345 1
4346 3
4347 2
4348 5
4349 5
4350 6
4351 3
4352 9
4353 2
4354 7
4355 3
4356 2
4357 9
4358 3
4359 6
4360 5
4361 7
4362 7
4363 0
4364 8
4365 6
4366 2
4367 5
4368 2
4369 2
4370 8
4371 5
4372 5
4373 5
4374 3
4375 5
4376 3
4377 2
4378 8
4379 9
4380 7
4381 3
4382 3
4383 8
4384 8
4385 3
4386 5
4387 2
4388 2
4389 3
4390 5
4391 5
4392 3
4393 2
4394 5
4395 5
4396 8
4397 2
4398 2
4399 2
4400 5
4401 5
4402 9
4403 3
4404 3
4405 8
4406 9
4407 5
4408 2
4409 9
4410 7
4411 1
4412 3
4413 2
4414 2
4415 7
4416 5
4417 5
4418 7
4419 8
4420 0
4421 2
4422 5
4423 3
4424 8
4425 7
4426 5
4427 5
4428 0
4429 3
4430 3
4431 3
4432 0
4433 3
4434 5
4435 5
4436 3
4437 3
4438 2
4439 5
4440 3
4441 5
4442 9
4443 8
4444 3
4445 5
4446 3
4447 5
4448 8
4449 2
4450 1
4451 2
4452 6
4453 1
4454 8
4455 8
4456 3
4457 5
4458 8
4459 5
4460 2
4461 9
4462 5
4463 5
4464 9
4465 5
4466 8
4467 2
4468 1
4469 8
4470 5
4471 2
4472 2
4473 1
4474 8
4475 8
4476 1
4477 9
4478 1
4479 5
4480 5
4481 8
4482 7
4483 1
4484 5
4485 9
4486 2
4487 9
4488 8
4489 2
4490 3
4491 2
4492 7
4493 8
4494 1
4495 8
4496 7
4497 5
4498 0
4499 3
4500 5
4501 5
4502 1
4503 5
4504 2
4505 1
4506 2
4507 7
4508 7
4509 5
4510 1
4511 3
4512 7
4513 8
4514 5
4515 5
4516 2
4517 5
4518 3
4519 2
4520 8
4521 2
4522 3
4523 5
4524 6
4525 5
4526 1
4527 5
4528 1
4529 3
4530 2
4531 2
4532 3
4533 3
4534 9
4535 5
4536 2
4537 9
4538 8
4539 5
4540 5
4541 3
4542 1
4543 5
4544 2
4545 5
4546 5
4547 0
4548 1
4549 5
4550 1
4551 8
4552 5
4553 1
4554 5
4555 5
4556 8
4557 3
4558 0
4559 9
4560 5
4561 5
4562 3
4563 5
4564 9
4565 6
4566 5
4567 2
4568 3
4569 1
4570 5
4571 2
4572 3
4573 5
4574 1
4575 0
4576 2
4577 2
4578 8
4579 5
4580 2
4581 5
4582 2
4583 3
4584 2
4585 8
4586 3
4587 2
4588 5
4589 1
4590 8
4591 5
4592 3
4593 5
4594 1
4595 0
4596 5
4597 0
4598 7
4599 1
4600 7
4601 8
4602 0
4603 8
4604 5
4605 7
4606 8
4607 1
4608 3
4609 5
4610 5
4611 1
4612 3
4613 5
4614 5
4615 3
4616 5
4617 8
4618 5
4619 2
4620 0
4621 5
4622 3
4623 4
4624 2
4625 5
4626 7
4627 8
4628 9
4629 7
4630 2
4631 2
4632 0
4633 3
4634 6
4635 1
4636 3
4637 3
4638 6
4639 6
4640 9
4641 5
4642 2
4643 5
4644 5
4645 1
4646 5
4647 3
4648 5
4649 2
4650 8
4651 5
4652 5
4653 8
4654 5
4655 2
4656 0
4657 5
4658 9
4659 2
4660 1
4661 1
4662 7
4663 5
4664 5
4665 8
4666 8
4667 5
4668 6
4669 3
4670 2
4671 3
4672 2
4673 5
4674 3
4675 8
4676 5
4677 5
4678 3
4679 4
4680 2
4681 2
4682 5
4683 0
4684 3
4685 7
4686 8
4687 0
4688 7
4689 5
4690 5
4691 8
4692 2
4693 6
4694 2
4695 2
4696 5
4697 5
4698 1
4699 5
4700 5
4701 2
4702 5
4703 8
4704 2
4705 2
4706 7
4707 2
4708 5
4709 5
4710 2
4711 8
4712 5
4713 2
4714 9
4715 6
4716 2
4717 2
4718 2
4719 3
4720 2
4721 8
4722 2
4723 5
4724 5
4725 5
4726 5
4727 3
4728 2
4729 9
4730 3
4731 8
4732 3
4733 5
4734 9
4735 3
4736 6
4737 5
4738 2
4739 9
4740 3
4741 3
4742 5
4743 5
4744 7
4745 2
4746 8
4747 3
4748 5
4749 2
4750 2
4751 7
4752 2
4753 2
4754 8
4755 8
4756 9
4757 2
4758 2
4759 3
4760 5
4761 3
4762 3
4763 5
4764 5
4765 5
4766 5
4767 5
4768 5
4769 9
4770 5
4771 5
4772 2
4773 0
4774 5
4775 6
4776 2
4777 7
4778 5
4779 1
4780 2
4781 4
4782 8
4783 3
4784 1
4785 2
4786 0
4787 3
4788 5
4789 2
4790 5
4791 9
4792 3
4793 8
4794 2
4795 2
4796 5
4797 0
4798 5
4799 3
4800 0
4801 6
4802 5
4803 2
4804 3
4805 3
4806 7
4807 0
4808 5
4809 5
4810 5
4811 2
4812 1
4813 8
4814 5
4815 1
4816 6
4817 2
4818 2
4819 8
4820 1
4821 8
4822 7
4823 5
4824 8
4825 5
4826 9
4827 8
4828 2
4829 2
4830 7
4831 5
4832 9
4833 9
4834 5
4835 3
4836 3
4837 1
4838 5
4839 2
4840 1
4841 7
4842 9
4843 4
